CompositeShape 9
Rectangle 
502.0, 531.7518530291744, 49.004999999999995, 65.99999999999997, 0.0, 30, 30, 230, 1.0, 50.0
Rectangle 
301.0, 388.7518530291744, 250.21163085954743, 184.79999999999995, 0.0, 30, 30, 230, 1.0, 0.0
Rectangle 
449.0, 551.7518530291744, 53.90549999999999, 65.99999999999997, 0.0, 255, 255, 255, 1.0, 50.0
Rectangle 
348.0, 554.7518530291744, 53.90549999999999, 65.99999999999997, 0.0, 255, 255, 255, 1.0, 50.0
Rectangle 
301.0, 531.7518530291744, 49.004999999999995, 65.99999999999997, 0.0, 30, 30, 230, 1.0, 50.0
Rectangle 
400.0, 530.7518530291744, 49.004999999999995, 65.99999999999997, 0.0, 30, 30, 230, 1.0, 50.0
Polygon 
301.0, 267.7518530291744, 251.50817999999995, 50, 0.0, 30, 30, 230, 1.0
Polygon 
477.0, 342.7518530291744, 54.44999999999998, 30, 0.0, 255, 255, 255, 1.0
Polygon 
379.0, 341.7518530291744, 54.44999999999998, 30, 0.0, 255, 255, 255, 1.0
CompositeShape 43
CompositeShape 2
Polygon 
747.0, 198.56613411316727, 158.4, 30, 0.0, 255, 255, 0, 1.0
Polygon 
828.0, 219.56613411316727, 39.6, 30, 0.0, 85, 61, 0, 1.0
Rectangle 
891.8, 265.86242799238437, 10.0, 10.0, 0.0, 180, 100, 100, 1.0, 0.0
Rectangle 
872.2, 271.6624279923843, 10.0, 10.0, 0.0, 180, 100, 100, 1.0, 0.0
Rectangle 
856.8, 278.46242799238433, 10.0, 10.0, 0.0, 180, 100, 100, 1.0, 0.0
Rectangle 
864.4, 275.06242799238436, 10.0, 10.0, 0.0, 180, 100, 100, 1.0, 0.0
Rectangle 
855.0, 302.06242799238436, 10.0, 10.0, 0.0, 180, 100, 100, 1.0, 0.0
Rectangle 
830.6, 289.6624279923843, 10.0, 10.0, 0.0, 180, 100, 100, 1.0, 0.0
Rectangle 
846.4, 298.46242799238433, 10.0, 10.0, 0.0, 180, 100, 100, 1.0, 0.0
Rectangle 
883.2, 270.26242799238435, 10.0, 10.0, 0.0, 180, 100, 100, 1.0, 0.0
Rectangle 
847.4, 281.46242799238433, 10.0, 10.0, 0.0, 180, 100, 100, 1.0, 0.0
Rectangle 
872.0, 309.86242799238437, 10.0, 10.0, 0.0, 180, 100, 100, 1.0, 0.0
Rectangle 
879.4, 315.06242799238436, 10.0, 10.0, 0.0, 180, 100, 100, 1.0, 0.0
Rectangle 
853.8, 286.86242799238437, 10.0, 10.0, 0.0, 180, 100, 100, 1.0, 0.0
Rectangle 
862.6, 306.46242799238433, 10.0, 10.0, 0.0, 180, 100, 100, 1.0, 0.0
Rectangle 
838.6, 293.86242799238437, 10.0, 10.0, 0.0, 180, 100, 100, 1.0, 0.0
Rectangle 
854.0, 295.26242799238435, 10.0, 10.0, 0.0, 180, 100, 100, 1.0, 0.0
Rectangle 
845.0, 291.46242799238433, 10.0, 10.0, 0.0, 180, 100, 100, 1.0, 0.0
Rectangle 
879.0, 278.86242799238437, 10.0, 10.0, 0.0, 180, 100, 100, 1.0, 0.0
Rectangle 
862.2, 285.26242799238435, 10.0, 10.0, 0.0, 180, 100, 100, 1.0, 0.0
Rectangle 
840.0, 286.06242799238436, 10.0, 10.0, 0.0, 180, 100, 100, 1.0, 0.0
Rectangle 
879.2, 288.86242799238437, 10.0, 10.0, 0.0, 180, 100, 100, 1.0, 0.0
Rectangle 
878.8, 297.6624279923843, 10.0, 10.0, 0.0, 180, 100, 100, 1.0, 0.0
Rectangle 
881.8, 311.46242799238433, 10.0, 10.0, 0.0, 180, 100, 100, 1.0, 0.0
Rectangle 
871.4, 300.86242799238437, 10.0, 10.0, 0.0, 180, 100, 100, 1.0, 0.0
Rectangle 
871.0, 293.26242799238435, 10.0, 10.0, 0.0, 180, 100, 100, 1.0, 0.0
Rectangle 
878.4, 304.6624279923843, 10.0, 10.0, 0.0, 180, 100, 100, 1.0, 0.0
Rectangle 
884.8, 306.86242799238437, 10.0, 10.0, 0.0, 180, 100, 100, 1.0, 0.0
Rectangle 
870.8, 283.26242799238435, 10.0, 10.0, 0.0, 180, 100, 100, 1.0, 0.0
Rectangle 
863.6, 299.6624279923843, 10.0, 10.0, 0.0, 180, 100, 100, 1.0, 0.0
Rectangle 
862.2, 291.6624279923843, 10.0, 10.0, 0.0, 180, 100, 100, 1.0, 0.0
Rectangle 
890.2, 296.6624279923843, 10.0, 10.0, 0.0, 180, 100, 100, 1.0, 0.0
Rectangle 
893.2, 280.06242799238436, 10.0, 10.0, 0.0, 180, 100, 100, 1.0, 0.0
Rectangle 
887.2, 274.6624279923843, 10.0, 10.0, 0.0, 180, 100, 100, 1.0, 0.0
Rectangle 
887.2, 302.6624279923843, 10.0, 10.0, 0.0, 180, 100, 100, 1.0, 0.0
Rectangle 
892.0, 289.6624279923843, 10.0, 10.0, 0.0, 180, 100, 100, 1.0, 0.0
Rectangle 
893.8, 271.06242799238436, 10.0, 10.0, 0.0, 180, 100, 100, 1.0, 0.0
Rectangle 
885.8, 293.06242799238436, 10.0, 10.0, 0.0, 180, 100, 100, 1.0, 0.0
Rectangle 
887.0, 284.6624279923843, 10.0, 10.0, 0.0, 180, 100, 100, 1.0, 0.0
Rectangle 
892.4, 263.26242799238435, 10.0, 10.0, 0.0, 180, 100, 100, 1.0, 0.0
Rectangle 
887.6, 265.26242799238435, 10.0, 10.0, 0.0, 180, 100, 100, 1.0, 0.0
Rectangle 
878.4, 268.26242799238435, 10.0, 10.0, 0.0, 180, 100, 100, 1.0, 0.0
Rectangle 
874.4, 275.6624279923843, 10.0, 10.0, 0.0, 180, 100, 100, 1.0, 0.0
Rectangle 
864.0, 282.26242799238435, 10.0, 10.0, 0.0, 180, 100, 100, 1.0, 0.0
CompositeShape 43
CompositeShape 2
Polygon 
1190.0, 279.56613411316727, 158.4, 30, 0.0, 255, 255, 0, 1.0
Polygon 
1271.0, 300.56613411316727, 39.6, 30, 0.0, 85, 61, 0, 1.0
Rectangle 
1334.8, 346.86242799238437, 10.0, 10.0, 0.0, 180, 100, 100, 1.0, 0.0
Rectangle 
1315.2, 352.6624279923843, 10.0, 10.0, 0.0, 180, 100, 100, 1.0, 0.0
Rectangle 
1299.8, 359.46242799238433, 10.0, 10.0, 0.0, 180, 100, 100, 1.0, 0.0
Rectangle 
1307.4, 356.06242799238436, 10.0, 10.0, 0.0, 180, 100, 100, 1.0, 0.0
Rectangle 
1298.0, 383.06242799238436, 10.0, 10.0, 0.0, 180, 100, 100, 1.0, 0.0
Rectangle 
1273.6, 370.6624279923843, 10.0, 10.0, 0.0, 180, 100, 100, 1.0, 0.0
Rectangle 
1289.4, 379.46242799238433, 10.0, 10.0, 0.0, 180, 100, 100, 1.0, 0.0
Rectangle 
1326.2, 351.26242799238435, 10.0, 10.0, 0.0, 180, 100, 100, 1.0, 0.0
Rectangle 
1290.4, 362.46242799238433, 10.0, 10.0, 0.0, 180, 100, 100, 1.0, 0.0
Rectangle 
1315.0, 390.86242799238437, 10.0, 10.0, 0.0, 180, 100, 100, 1.0, 0.0
Rectangle 
1322.4, 396.06242799238436, 10.0, 10.0, 0.0, 180, 100, 100, 1.0, 0.0
Rectangle 
1296.8, 367.86242799238437, 10.0, 10.0, 0.0, 180, 100, 100, 1.0, 0.0
Rectangle 
1305.6, 387.46242799238433, 10.0, 10.0, 0.0, 180, 100, 100, 1.0, 0.0
Rectangle 
1281.6, 374.86242799238437, 10.0, 10.0, 0.0, 180, 100, 100, 1.0, 0.0
Rectangle 
1297.0, 376.26242799238435, 10.0, 10.0, 0.0, 180, 100, 100, 1.0, 0.0
Rectangle 
1288.0, 372.46242799238433, 10.0, 10.0, 0.0, 180, 100, 100, 1.0, 0.0
Rectangle 
1322.0, 359.86242799238437, 10.0, 10.0, 0.0, 180, 100, 100, 1.0, 0.0
Rectangle 
1305.2, 366.26242799238435, 10.0, 10.0, 0.0, 180, 100, 100, 1.0, 0.0
Rectangle 
1283.0, 367.06242799238436, 10.0, 10.0, 0.0, 180, 100, 100, 1.0, 0.0
Rectangle 
1322.2, 369.86242799238437, 10.0, 10.0, 0.0, 180, 100, 100, 1.0, 0.0
Rectangle 
1321.8, 378.6624279923843, 10.0, 10.0, 0.0, 180, 100, 100, 1.0, 0.0
Rectangle 
1324.8, 392.46242799238433, 10.0, 10.0, 0.0, 180, 100, 100, 1.0, 0.0
Rectangle 
1314.4, 381.86242799238437, 10.0, 10.0, 0.0, 180, 100, 100, 1.0, 0.0
Rectangle 
1314.0, 374.26242799238435, 10.0, 10.0, 0.0, 180, 100, 100, 1.0, 0.0
Rectangle 
1321.4, 385.6624279923843, 10.0, 10.0, 0.0, 180, 100, 100, 1.0, 0.0
Rectangle 
1327.8, 387.86242799238437, 10.0, 10.0, 0.0, 180, 100, 100, 1.0, 0.0
Rectangle 
1313.8, 364.26242799238435, 10.0, 10.0, 0.0, 180, 100, 100, 1.0, 0.0
Rectangle 
1306.6, 380.6624279923843, 10.0, 10.0, 0.0, 180, 100, 100, 1.0, 0.0
Rectangle 
1305.2, 372.6624279923843, 10.0, 10.0, 0.0, 180, 100, 100, 1.0, 0.0
Rectangle 
1333.2, 377.6624279923843, 10.0, 10.0, 0.0, 180, 100, 100, 1.0, 0.0
Rectangle 
1336.2, 361.06242799238436, 10.0, 10.0, 0.0, 180, 100, 100, 1.0, 0.0
Rectangle 
1330.2, 355.6624279923843, 10.0, 10.0, 0.0, 180, 100, 100, 1.0, 0.0
Rectangle 
1330.2, 383.6624279923843, 10.0, 10.0, 0.0, 180, 100, 100, 1.0, 0.0
Rectangle 
1335.0, 370.6624279923843, 10.0, 10.0, 0.0, 180, 100, 100, 1.0, 0.0
Rectangle 
1336.8, 352.06242799238436, 10.0, 10.0, 0.0, 180, 100, 100, 1.0, 0.0
Rectangle 
1328.8, 374.06242799238436, 10.0, 10.0, 0.0, 180, 100, 100, 1.0, 0.0
Rectangle 
1330.0, 365.6624279923843, 10.0, 10.0, 0.0, 180, 100, 100, 1.0, 0.0
Rectangle 
1335.4, 344.26242799238435, 10.0, 10.0, 0.0, 180, 100, 100, 1.0, 0.0
Rectangle 
1330.6, 346.26242799238435, 10.0, 10.0, 0.0, 180, 100, 100, 1.0, 0.0
Rectangle 
1321.4, 349.26242799238435, 10.0, 10.0, 0.0, 180, 100, 100, 1.0, 0.0
Rectangle 
1317.4, 356.6624279923843, 10.0, 10.0, 0.0, 180, 100, 100, 1.0, 0.0
Rectangle 
1307.0, 363.26242799238435, 10.0, 10.0, 0.0, 180, 100, 100, 1.0, 0.0
CompositeShape 3
Polygon 
1238.0, 576.4630706599091, 52.800000000000004, 6, 0.0, 30, 30, 230, 1.0
Polygon 
1243.0, 582.4630706599091, 42.24000000000001, 6, 11.111111111111114, 114, 190, 230, 1.0
Polygon 
1260.0, 589.4630706599091, 18.48, 6, 0.0, 185, 245, 218, 1.0
