ToolBar 
Rectangle 
0.0, 0.0, 33.0, 20.0, 0.0, 30, 30, 230, 1.0, 0.0
Rectangle 
0.0, 0.0, 33.0, 50.0, 0.0, 150, 150, 150, 1.0, 0.0
Polygon 
0.0, 0.0, 33.0, 6, 0.0, 30, 30, 230, 1.0
CompositeShape 2
Rectangle 
50.0, 50.0, 50.0, 50.0, 0.0, 180, 100, 100, 1.0, 0.0
Rectangle 
0.0, 0.0, 50.0, 50.0, 0.0, 180, 100, 100, 1.0, 0.0
CompositeShape 43
CompositeShape 2
Polygon 
33.0, 234.56613411316727, 158.4, 30, 0.0, 255, 255, 0, 1.0
Polygon 
114.0, 255.56613411316727, 39.6, 30, 0.0, 85, 61, 0, 1.0
Rectangle 
177.8, 301.86242799238437, 10.0, 10.0, 0.0, 180, 100, 100, 1.0, 0.0
Rectangle 
158.2, 307.6624279923843, 10.0, 10.0, 0.0, 180, 100, 100, 1.0, 0.0
Rectangle 
142.8, 314.46242799238433, 10.0, 10.0, 0.0, 180, 100, 100, 1.0, 0.0
Rectangle 
150.39999999999998, 311.06242799238436, 10.0, 10.0, 0.0, 180, 100, 100, 1.0, 0.0
Rectangle 
141.0, 338.06242799238436, 10.0, 10.0, 0.0, 180, 100, 100, 1.0, 0.0
Rectangle 
116.60000000000002, 325.6624279923843, 10.0, 10.0, 0.0, 180, 100, 100, 1.0, 0.0
Rectangle 
132.39999999999998, 334.46242799238433, 10.0, 10.0, 0.0, 180, 100, 100, 1.0, 0.0
Rectangle 
169.20000000000005, 306.26242799238435, 10.0, 10.0, 0.0, 180, 100, 100, 1.0, 0.0
Rectangle 
133.39999999999998, 317.46242799238433, 10.0, 10.0, 0.0, 180, 100, 100, 1.0, 0.0
Rectangle 
158.0, 345.86242799238437, 10.0, 10.0, 0.0, 180, 100, 100, 1.0, 0.0
Rectangle 
165.39999999999998, 351.06242799238436, 10.0, 10.0, 0.0, 180, 100, 100, 1.0, 0.0
Rectangle 
139.8, 322.86242799238437, 10.0, 10.0, 0.0, 180, 100, 100, 1.0, 0.0
Rectangle 
148.60000000000002, 342.46242799238433, 10.0, 10.0, 0.0, 180, 100, 100, 1.0, 0.0
Rectangle 
124.60000000000002, 329.86242799238437, 10.0, 10.0, 0.0, 180, 100, 100, 1.0, 0.0
Rectangle 
140.0, 331.26242799238435, 10.0, 10.0, 0.0, 180, 100, 100, 1.0, 0.0
Rectangle 
131.0, 327.46242799238433, 10.0, 10.0, 0.0, 180, 100, 100, 1.0, 0.0
Rectangle 
165.0, 314.86242799238437, 10.0, 10.0, 0.0, 180, 100, 100, 1.0, 0.0
Rectangle 
148.2, 321.26242799238435, 10.0, 10.0, 0.0, 180, 100, 100, 1.0, 0.0
Rectangle 
126.0, 322.06242799238436, 10.0, 10.0, 0.0, 180, 100, 100, 1.0, 0.0
Rectangle 
165.20000000000005, 324.86242799238437, 10.0, 10.0, 0.0, 180, 100, 100, 1.0, 0.0
Rectangle 
164.8, 333.6624279923843, 10.0, 10.0, 0.0, 180, 100, 100, 1.0, 0.0
Rectangle 
167.8, 347.46242799238433, 10.0, 10.0, 0.0, 180, 100, 100, 1.0, 0.0
Rectangle 
157.39999999999998, 336.86242799238437, 10.0, 10.0, 0.0, 180, 100, 100, 1.0, 0.0
Rectangle 
157.0, 329.26242799238435, 10.0, 10.0, 0.0, 180, 100, 100, 1.0, 0.0
Rectangle 
164.39999999999998, 340.6624279923843, 10.0, 10.0, 0.0, 180, 100, 100, 1.0, 0.0
Rectangle 
170.8, 342.86242799238437, 10.0, 10.0, 0.0, 180, 100, 100, 1.0, 0.0
Rectangle 
156.8, 319.26242799238435, 10.0, 10.0, 0.0, 180, 100, 100, 1.0, 0.0
Rectangle 
149.60000000000002, 335.6624279923843, 10.0, 10.0, 0.0, 180, 100, 100, 1.0, 0.0
Rectangle 
148.2, 327.6624279923843, 10.0, 10.0, 0.0, 180, 100, 100, 1.0, 0.0
Rectangle 
176.20000000000005, 332.6624279923843, 10.0, 10.0, 0.0, 180, 100, 100, 1.0, 0.0
Rectangle 
179.20000000000005, 316.06242799238436, 10.0, 10.0, 0.0, 180, 100, 100, 1.0, 0.0
Rectangle 
173.20000000000005, 310.6624279923843, 10.0, 10.0, 0.0, 180, 100, 100, 1.0, 0.0
Rectangle 
173.20000000000005, 338.6624279923843, 10.0, 10.0, 0.0, 180, 100, 100, 1.0, 0.0
Rectangle 
178.0, 325.6624279923843, 10.0, 10.0, 0.0, 180, 100, 100, 1.0, 0.0
Rectangle 
179.8, 307.06242799238436, 10.0, 10.0, 0.0, 180, 100, 100, 1.0, 0.0
Rectangle 
171.8, 329.06242799238436, 10.0, 10.0, 0.0, 180, 100, 100, 1.0, 0.0
Rectangle 
173.0, 320.6624279923843, 10.0, 10.0, 0.0, 180, 100, 100, 1.0, 0.0
Rectangle 
178.39999999999998, 299.26242799238435, 10.0, 10.0, 0.0, 180, 100, 100, 1.0, 0.0
Rectangle 
173.60000000000002, 301.26242799238435, 10.0, 10.0, 0.0, 180, 100, 100, 1.0, 0.0
Rectangle 
164.39999999999998, 304.26242799238435, 10.0, 10.0, 0.0, 180, 100, 100, 1.0, 0.0
Rectangle 
160.39999999999998, 311.6624279923843, 10.0, 10.0, 0.0, 180, 100, 100, 1.0, 0.0
Rectangle 
150.0, 318.26242799238435, 10.0, 10.0, 0.0, 180, 100, 100, 1.0, 0.0
CompositeShape 3
Polygon 
32.0, 262.46307065990914, 52.800000000000004, 6, 0.0, 30, 30, 230, 1.0
Polygon 
37.0, 268.46307065990914, 42.24000000000001, 6, 11.111111111111114, 114, 190, 230, 1.0
Polygon 
54.0, 275.46307065990914, 18.48, 6, 0.0, 185, 245, 218, 1.0
CompositeShape 9
Rectangle 
232.0, 604.7518530291744, 49.004999999999995, 65.99999999999997, 0.0, 30, 30, 230, 1.0, 50.0
Rectangle 
31.0, 461.7518530291744, 250.21163085954743, 184.79999999999995, 0.0, 30, 30, 230, 1.0, 0.0
Rectangle 
179.0, 624.7518530291744, 53.90549999999999, 65.99999999999997, 0.0, 255, 255, 255, 1.0, 50.0
Rectangle 
78.0, 627.7518530291744, 53.90549999999999, 65.99999999999997, 0.0, 255, 255, 255, 1.0, 50.0
Rectangle 
31.0, 604.7518530291744, 49.004999999999995, 65.99999999999997, 0.0, 30, 30, 230, 1.0, 50.0
Rectangle 
130.0, 603.7518530291744, 49.004999999999995, 65.99999999999997, 0.0, 30, 30, 230, 1.0, 50.0
Polygon 
31.0, 340.7518530291744, 251.50817999999995, 50, 0.0, 30, 30, 230, 1.0
Polygon 
207.0, 415.7518530291744, 54.44999999999998, 30, 0.0, 255, 255, 255, 1.0
Polygon 
109.0, 414.7518530291744, 54.44999999999998, 30, 0.0, 255, 255, 255, 1.0
