ToolBar 
Rectangle 
0.0, 0.0, 33.0, 20.0, 0.0, 30, 30, 230, 1.0
Rectangle 
0.0, 0.0, 33.0, 50.0, 0.0, 190, 190, 190, 1.0
Polygon 
0.0, 0.0, 33.0, 6, 0.0, 30, 30, 230, 1.0
CompositeShape 2
Polygon 
33.0, 278.7894191624432, 33.0, 6, 0.0, 30, 30, 230, 1.0
Polygon 
57.0, 292.7894191624432, 33.0, 6, 0.0, 30, 30, 230, 1.0
CompositeShape 3
CompositeShape 2
Polygon 
68.0, 309.5788383248865, 33.0, 6, 0.0, 30, 30, 230, 1.0
Polygon 
92.0, 323.5788383248865, 33.0, 6, 0.0, 30, 30, 230, 1.0
CompositeShape 2
Polygon 
92.0, 351.5788383248865, 33.0, 6, 0.0, 30, 30, 230, 1.0
Polygon 
116.0, 365.5788383248864, 33.0, 6, 0.0, 30, 30, 230, 1.0
CompositeShape 2
Polygon 
43.0, 322.7894191624432, 33.0, 6, 0.0, 30, 30, 230, 1.0
Polygon 
19.0, 308.7894191624432, 33.0, 6, 0.0, 30, 30, 230, 1.0
CompositeShape 2
Rectangle 
0.0, 0.0, 50.0, 50.0, 0.0, 180, 100, 100, 1.0
Rectangle 
50.0, 50.0, 50.0, 50.0, 0.0, 180, 100, 100, 1.0
CompositeShape 3
Polygon 
23.0, 381.3672789150356, 231.0, 30, 0.0, 250, 255, 42, 1.0
Polygon 
129.0, 401.0, 55.44, 30, 0.0, 113, 89, 42, 1.0
CompositeShape 26
CompositeShape 2
Rectangle 
134.70000000000005, 497.1, 15.0, 15.0, 0.0, 180, 100, 100, 1.0
Rectangle 
149.70000000000005, 497.1, 15.0, 15.0, 0.0, 180, 100, 100, 1.0
CompositeShape 2
Rectangle 
165.0, 512.1, 15.0, 15.0, 0.0, 180, 100, 100, 1.0
Rectangle 
180.0, 512.1, 15.0, 15.0, 0.0, 180, 100, 100, 1.0
CompositeShape 2
Rectangle 
164.7, 497.1, 15.0, 15.0, 0.0, 180, 100, 100, 1.0
Rectangle 
179.7, 497.1, 15.0, 15.0, 0.0, 180, 100, 100, 1.0
CompositeShape 2
Rectangle 
164.7, 482.40000000000003, 15.0, 15.0, 0.0, 180, 100, 100, 1.0
Rectangle 
179.7, 482.40000000000003, 15.0, 15.0, 0.0, 180, 100, 100, 1.0
CompositeShape 2
Rectangle 
194.39999999999998, 482.40000000000003, 15.0, 15.0, 0.0, 180, 100, 100, 1.0
Rectangle 
209.39999999999998, 482.40000000000003, 15.0, 15.0, 0.0, 180, 100, 100, 1.0
CompositeShape 2
Rectangle 
214.80000000000007, 456.9, 15.0, 15.0, 0.0, 180, 100, 100, 1.0
Rectangle 
229.79999999999995, 456.9, 15.0, 15.0, 0.0, 180, 100, 100, 1.0
CompositeShape 2
Rectangle 
194.39999999999998, 496.5, 15.0, 15.0, 0.0, 180, 100, 100, 1.0
Rectangle 
209.39999999999998, 496.5, 15.0, 15.0, 0.0, 180, 100, 100, 1.0
CompositeShape 2
Rectangle 
217.5, 471.0, 15.0, 15.0, 0.0, 180, 100, 100, 1.0
Rectangle 
232.5, 471.0, 15.0, 15.0, 0.0, 180, 100, 100, 1.0
CompositeShape 2
Rectangle 
194.7, 532.8, 15.0, 15.0, 0.0, 180, 100, 100, 1.0
Rectangle 
209.7, 532.8, 15.0, 15.0, 0.0, 180, 100, 100, 1.0
CompositeShape 2
Rectangle 
192.89999999999998, 524.4, 15.0, 15.0, 0.0, 180, 100, 100, 1.0
Rectangle 
207.89999999999998, 524.4, 15.0, 15.0, 0.0, 180, 100, 100, 1.0
CompositeShape 2
Rectangle 
194.10000000000002, 510.9, 15.0, 15.0, 0.0, 180, 100, 100, 1.0
Rectangle 
209.10000000000002, 510.9, 15.0, 15.0, 0.0, 180, 100, 100, 1.0
CompositeShape 2
Rectangle 
194.10000000000002, 467.70000000000005, 15.0, 15.0, 0.0, 180, 100, 100, 1.0
Rectangle 
209.10000000000002, 467.70000000000005, 15.0, 15.0, 0.0, 180, 100, 100, 1.0
CompositeShape 2
Rectangle 
217.5, 513.9, 15.0, 15.0, 0.0, 180, 100, 100, 1.0
Rectangle 
232.5, 513.9, 15.0, 15.0, 0.0, 180, 100, 100, 1.0
CompositeShape 2
Rectangle 
212.39999999999998, 528.6, 15.0, 15.0, 0.0, 180, 100, 100, 1.0
Rectangle 
227.39999999999998, 528.6, 15.0, 15.0, 0.0, 180, 100, 100, 1.0
CompositeShape 2
Rectangle 
219.30000000000007, 500.1, 15.0, 15.0, 0.0, 180, 100, 100, 1.0
Rectangle 
234.29999999999995, 500.1, 15.0, 15.0, 0.0, 180, 100, 100, 1.0
CompositeShape 2
Rectangle 
219.89999999999998, 485.1, 15.0, 15.0, 0.0, 180, 100, 100, 1.0
Rectangle 
234.89999999999998, 485.1, 15.0, 15.0, 0.0, 180, 100, 100, 1.0
CompositeShape 2
Rectangle 
214.2, 452.7, 15.0, 15.0, 0.0, 180, 100, 100, 1.0
Rectangle 
229.20000000000005, 452.7, 15.0, 15.0, 0.0, 180, 100, 100, 1.0
CompositeShape 2
Rectangle 
208.2, 540.0, 15.0, 15.0, 0.0, 180, 100, 100, 1.0
Rectangle 
223.20000000000005, 540.0, 15.0, 15.0, 0.0, 180, 100, 100, 1.0
CompositeShape 2
Rectangle 
120.0, 496.8, 15.0, 15.0, 0.0, 180, 100, 100, 1.0
Rectangle 
134.70000000000005, 482.1, 15.0, 15.0, 0.0, 180, 100, 100, 1.0
CompositeShape 2
Rectangle 
149.70000000000005, 482.1, 15.0, 15.0, 0.0, 180, 100, 100, 1.0
Rectangle 
164.40000000000003, 467.40000000000003, 15.0, 15.0, 0.0, 180, 100, 100, 1.0
CompositeShape 2
Rectangle 
179.40000000000003, 467.40000000000003, 15.0, 15.0, 0.0, 180, 100, 100, 1.0
Rectangle 
194.10000000000002, 452.7, 15.0, 15.0, 0.0, 180, 100, 100, 1.0
CompositeShape 2
Rectangle 
208.80000000000007, 452.7, 15.0, 15.0, 0.0, 180, 100, 100, 1.0
Rectangle 
223.5, 438.0, 15.0, 15.0, 0.0, 180, 100, 100, 1.0
CompositeShape 2
CompositeShape 2
Rectangle 
120.0, 497.1, 15.0, 15.0, 0.0, 180, 100, 100, 1.0
Rectangle 
135.0, 512.1, 15.0, 15.0, 0.0, 180, 100, 100, 1.0
CompositeShape 2
Rectangle 
150.0, 512.1, 15.0, 15.0, 0.0, 180, 100, 100, 1.0
Rectangle 
165.0, 527.1, 15.0, 15.0, 0.0, 180, 100, 100, 1.0
CompositeShape 2
Rectangle 
179.7, 527.1, 15.0, 15.0, 0.0, 180, 100, 100, 1.0
Rectangle 
194.7, 542.1, 15.0, 15.0, 0.0, 180, 100, 100, 1.0
Rectangle 
209.7, 542.1, 15.0, 15.0, 0.0, 180, 100, 100, 1.0
Rectangle 
216.60000000000002, 546.6, 15.0, 15.0, 0.0, 180, 100, 100, 1.0
CompositeShape 3
Polygon 
35.0, 417.36825748732974, 99.0, 6, 0.0, 30, 30, 230, 1.0
Polygon 
44.0, 427.36825748732974, 82.5, 6, 6.666666666666657, 118, 182, 230, 1.0
Polygon 
86.0, 441.36825748732974, 24.75, 6, 28.888888888888886, 196, 237, 230, 1.0
CompositeShape 9
Rectangle 
23.106407670629096, 465.82562101994563, 153.7985988, 120.0, 0.0, 30, 30, 230, 1.0
Polygon 
20.941418924905747, 402.7349020092057, 155.23199999999997, 19, 0.0, 30, 30, 230, 1.0
Polygon 
65.94141892490575, 436.7349020092057, 39.6, 20, 0.0, 255, 255, 255, 1.0
Polygon 
125.94141892490575, 439.7349020092057, 39.6, 20, 0.0, 255, 255, 255, 1.0
Rectangle 
53.27112163479262, 572.8167844202525, 31.68, 36.0, 0.0, 255, 255, 255, 1.0
Rectangle 
112.07112163479269, 572.8167844202525, 31.68, 36.0, 0.0, 255, 255, 255, 1.0
Rectangle 
23.27112163479262, 526.0167844202525, 31.68, 72.0, 0.0, 30, 30, 230, 1.0
Rectangle 
83.27112163479262, 530.8167844202525, 31.68, 72.0, 0.0, 30, 30, 230, 1.0
Rectangle 
142.0711216347927, 528.4167844202525, 34.848000000000006, 72.0, 0.0, 30, 30, 230, 1.0
CompositeShape 4
CompositeShape 3
Polygon 
9.0, 446.36727891503557, 231.0, 30, 0.0, 250, 255, 42, 1.0
Polygon 
115.0, 465.99999999999994, 55.44, 30, 0.0, 113, 89, 42, 1.0
CompositeShape 26
CompositeShape 2
Rectangle 
120.70000000000005, 562.0999999999999, 15.0, 15.0, 0.0, 180, 100, 100, 1.0
Rectangle 
135.70000000000005, 562.0999999999999, 15.0, 15.0, 0.0, 180, 100, 100, 1.0
CompositeShape 2
Rectangle 
151.0, 577.0999999999999, 15.0, 15.0, 0.0, 180, 100, 100, 1.0
Rectangle 
166.0, 577.0999999999999, 15.0, 15.0, 0.0, 180, 100, 100, 1.0
CompositeShape 2
Rectangle 
150.7, 562.0999999999999, 15.0, 15.0, 0.0, 180, 100, 100, 1.0
Rectangle 
165.7, 562.0999999999999, 15.0, 15.0, 0.0, 180, 100, 100, 1.0
CompositeShape 2
Rectangle 
150.7, 547.4, 15.0, 15.0, 0.0, 180, 100, 100, 1.0
Rectangle 
165.7, 547.4, 15.0, 15.0, 0.0, 180, 100, 100, 1.0
CompositeShape 2
Rectangle 
180.39999999999998, 547.4, 15.0, 15.0, 0.0, 180, 100, 100, 1.0
Rectangle 
195.39999999999998, 547.4, 15.0, 15.0, 0.0, 180, 100, 100, 1.0
CompositeShape 2
Rectangle 
200.80000000000007, 521.8999999999999, 15.0, 15.0, 0.0, 180, 100, 100, 1.0
Rectangle 
215.79999999999995, 521.8999999999999, 15.0, 15.0, 0.0, 180, 100, 100, 1.0
CompositeShape 2
Rectangle 
180.39999999999998, 561.5, 15.0, 15.0, 0.0, 180, 100, 100, 1.0
Rectangle 
195.39999999999998, 561.5, 15.0, 15.0, 0.0, 180, 100, 100, 1.0
CompositeShape 2
Rectangle 
203.5, 536.0, 15.0, 15.0, 0.0, 180, 100, 100, 1.0
Rectangle 
218.5, 536.0, 15.0, 15.0, 0.0, 180, 100, 100, 1.0
CompositeShape 2
Rectangle 
180.7, 597.8, 15.0, 15.0, 0.0, 180, 100, 100, 1.0
Rectangle 
195.7, 597.8, 15.0, 15.0, 0.0, 180, 100, 100, 1.0
CompositeShape 2
Rectangle 
178.89999999999998, 589.3999999999999, 15.0, 15.0, 0.0, 180, 100, 100, 1.0
Rectangle 
193.89999999999998, 589.3999999999999, 15.0, 15.0, 0.0, 180, 100, 100, 1.0
CompositeShape 2
Rectangle 
180.10000000000002, 575.8999999999999, 15.0, 15.0, 0.0, 180, 100, 100, 1.0
Rectangle 
195.10000000000002, 575.8999999999999, 15.0, 15.0, 0.0, 180, 100, 100, 1.0
CompositeShape 2
Rectangle 
180.10000000000002, 532.6999999999999, 15.0, 15.0, 0.0, 180, 100, 100, 1.0
Rectangle 
195.10000000000002, 532.6999999999999, 15.0, 15.0, 0.0, 180, 100, 100, 1.0
CompositeShape 2
Rectangle 
203.5, 578.8999999999999, 15.0, 15.0, 0.0, 180, 100, 100, 1.0
Rectangle 
218.5, 578.8999999999999, 15.0, 15.0, 0.0, 180, 100, 100, 1.0
CompositeShape 2
Rectangle 
198.39999999999998, 593.5999999999999, 15.0, 15.0, 0.0, 180, 100, 100, 1.0
Rectangle 
213.39999999999998, 593.5999999999999, 15.0, 15.0, 0.0, 180, 100, 100, 1.0
CompositeShape 2
Rectangle 
205.30000000000007, 565.0999999999999, 15.0, 15.0, 0.0, 180, 100, 100, 1.0
Rectangle 
220.29999999999995, 565.0999999999999, 15.0, 15.0, 0.0, 180, 100, 100, 1.0
CompositeShape 2
Rectangle 
205.89999999999998, 550.0999999999999, 15.0, 15.0, 0.0, 180, 100, 100, 1.0
Rectangle 
220.89999999999998, 550.0999999999999, 15.0, 15.0, 0.0, 180, 100, 100, 1.0
CompositeShape 2
Rectangle 
200.2, 517.6999999999999, 15.0, 15.0, 0.0, 180, 100, 100, 1.0
Rectangle 
215.20000000000005, 517.6999999999999, 15.0, 15.0, 0.0, 180, 100, 100, 1.0
CompositeShape 2
Rectangle 
194.2, 605.0, 15.0, 15.0, 0.0, 180, 100, 100, 1.0
Rectangle 
209.20000000000005, 605.0, 15.0, 15.0, 0.0, 180, 100, 100, 1.0
CompositeShape 2
Rectangle 
106.0, 561.8, 15.0, 15.0, 0.0, 180, 100, 100, 1.0
Rectangle 
120.70000000000005, 547.0999999999999, 15.0, 15.0, 0.0, 180, 100, 100, 1.0
CompositeShape 2
Rectangle 
135.70000000000005, 547.0999999999999, 15.0, 15.0, 0.0, 180, 100, 100, 1.0
Rectangle 
150.40000000000003, 532.4, 15.0, 15.0, 0.0, 180, 100, 100, 1.0
CompositeShape 2
Rectangle 
165.40000000000003, 532.4, 15.0, 15.0, 0.0, 180, 100, 100, 1.0
Rectangle 
180.10000000000002, 517.6999999999999, 15.0, 15.0, 0.0, 180, 100, 100, 1.0
CompositeShape 2
Rectangle 
194.80000000000007, 517.6999999999999, 15.0, 15.0, 0.0, 180, 100, 100, 1.0
Rectangle 
209.5, 502.99999999999994, 15.0, 15.0, 0.0, 180, 100, 100, 1.0
CompositeShape 2
CompositeShape 2
Rectangle 
106.0, 562.0999999999999, 15.0, 15.0, 0.0, 180, 100, 100, 1.0
Rectangle 
121.0, 577.0999999999999, 15.0, 15.0, 0.0, 180, 100, 100, 1.0
CompositeShape 2
Rectangle 
136.0, 577.0999999999999, 15.0, 15.0, 0.0, 180, 100, 100, 1.0
Rectangle 
151.0, 592.0999999999999, 15.0, 15.0, 0.0, 180, 100, 100, 1.0
CompositeShape 2
Rectangle 
165.7, 592.0999999999999, 15.0, 15.0, 0.0, 180, 100, 100, 1.0
Rectangle 
180.7, 607.0999999999999, 15.0, 15.0, 0.0, 180, 100, 100, 1.0
Rectangle 
195.7, 607.0999999999999, 15.0, 15.0, 0.0, 180, 100, 100, 1.0
Rectangle 
202.60000000000002, 611.5999999999999, 15.0, 15.0, 0.0, 180, 100, 100, 1.0
CompositeShape 3
Polygon 
349.0, 515.3682574873297, 99.0, 6, 0.0, 30, 30, 230, 1.0
Polygon 
358.0, 525.3682574873297, 82.5, 6, 6.666666666666657, 118, 182, 230, 1.0
Polygon 
400.0, 539.3682574873297, 24.75, 6, 28.888888888888886, 196, 237, 230, 1.0
CompositeShape 3
Polygon 
514.0, 512.3682574873297, 99.0, 6, 0.0, 30, 30, 230, 1.0
Polygon 
523.0, 522.3682574873297, 82.5, 6, 6.666666666666657, 118, 182, 230, 1.0
Polygon 
565.0, 536.3682574873297, 24.75, 6, 28.888888888888886, 196, 237, 230, 1.0
CompositeShape 9
Rectangle 
699.1064076706291, 527.8256210199456, 153.7985988, 120.0, 0.0, 30, 30, 230, 1.0
Polygon 
696.9414189249057, 464.7349020092057, 155.23199999999997, 19, 0.0, 30, 30, 230, 1.0
Polygon 
741.9414189249057, 498.7349020092057, 39.6, 20, 0.0, 255, 255, 255, 1.0
Polygon 
801.9414189249057, 501.7349020092057, 39.6, 20, 0.0, 255, 255, 255, 1.0
Rectangle 
729.2711216347926, 634.8167844202525, 31.68, 36.0, 0.0, 255, 255, 255, 1.0
Rectangle 
788.0711216347927, 634.8167844202525, 31.68, 36.0, 0.0, 255, 255, 255, 1.0
Rectangle 
699.2711216347926, 588.0167844202525, 31.68, 72.0, 0.0, 30, 30, 230, 1.0
Rectangle 
759.2711216347926, 592.8167844202525, 31.68, 72.0, 0.0, 30, 30, 230, 1.0
Rectangle 
818.0711216347927, 590.4167844202525, 34.848000000000006, 72.0, 0.0, 30, 30, 230, 1.0
